keyword,count
"hong kong hotel",277447
"cheap hotel hong kong",39062
"kowloon hotel hong kong",16571
"hotel hong kong",13211
"kowloon hotel in hong kong",11067
"hong kong hotel reservation",7179
"eaton hotel hong kong",6330
"hong kong hotel discount",5877
"hotel price hong kong",5464
"cheap hotel in hong kong",5394
"hong kong china hotel",5218
"renaissance hotel hong kong",5143
"hotel in hong kong",5139
"hong kong hotel kowloon",5067
"discount hong kong hotel",4507
"cheap hong kong hotel",4415
"marriot hotel hong kong",4396
"new world renaissance hotel hong kong",3939
"marco polo hong kong hotel",3846
"peninsula hotel hong kong",3644
"park hotel hong kong",3358
"regal hong kong hotel",2932
"excelsior hotel hong kong",2883
"hong kong kowloon hotel",2818
"empire hotel hong kong",2663
"miramar hotel hong kong",2586
"majestic hotel hong kong",2584
"marco polo hotel hong kong",2520
"regal hotel hong kong",2409
"conrad hotel hong kong",2406
"hong kong hotel map",2355
"cheap hong hotel kong",2346
"intercontinental hotel hong kong",2346
"metropark hotel hong kong",2163
"panda hotel hong kong",2061
"the peninsula hotel hong kong",1922
"hong kong hotel rate",1827
"miramar hotel hong kong electricity",1827
"new world hotel hong kong",1810
"gold coast hotel hong kong",1759
"eaton hotel in hong kong",1758
"concourse hotel hong kong",1741
"park lane hotel hong kong",1731
"newton hotel hong kong",1716
"nathan hotel hong kong",1713
"hotel in kowloon2c hong kong",1703
"metropole hotel hong kong",1700
"island pacific hotel hong kong",1637
"wharney hotel hong kong",1628
"hotel banquet hong kong",1602
"kimberley hotel hong kong",1581
"regent hotel hong kong",1569
"hong kong hotel directory",1525
"royal plaza hotel hong kong",1495
"hong hotel kong",1493
"hong kong hotel booking",1490
"hong kong hotel special",1487
"wanchai hong kong hotel",1479
"discount hotel hong kong",1461
"ibis hotel hong kong",1431
"charterhouse hotel hong kong",1425
"langham hotel hong kong",1402
"hotel deals hong kong",1399
"wesley hotel hong kong",1385
"stanford hotel hong kong",1363
"marriott hotel hong kong",1359
"royal pacific hotel hong kong",1354
"cosmopolitan hotel hong kong",1354
"hong kong airport hotel",1353
"penninsula hotel hong kong",1330
"warney hotel hong kong",1330
"prudent prudential hotel hong kong",1330
"harbour plaza hotel hong kong",1322
"hong kong hotel package",1315
"kimberley hotel 2b hong kong",1299
"south pacific hotel hong kong",1298
"hip hotel hong kong",1287
"hong kong regal hotel",1278
"novotel century harbourview hotel hong kong",1257
"island shangri la hotel hong kong",1254
"the charterhouse hotel hong kong",1249
"hong kong cheap hotel",1238
"metropark hotel hong kong island",1230
"newton hotel north point hong kong",1229
"kowloon newton hotel hong kong",1213
"hong kong luxury hotel",1201
"luk kwok hotel hong kong",1187
"regal airport hotel hong kong",1186
"prudential hotel hong kong",1176
"imperial hotel and hong kong",1175
"hong kong hotel 2005",1174
"hong kong hotel discounts",1172
"cheap+hotel+hong+kong",1172
"pruton prudential hotel hong kong",1149
"langham place hotel hong kong",1146
"hong kong hotel book from uk",1146
"hotel miramar hong kong",1136
"chek lap kok hong kong hotel",1131
"imperial hotel and hong kong and review",1116
"hong kong travel hotel",1085
"kimberly hotel hong kong",1047
"penisula hotel hong kong",1038
"sheraton hotel hong kong",1033
"newest hong kong hotel",1015
"imperial hotel hong kong",978
"hotel mirimar hong kong",977
"mandarin hotel hong kong",969
"hong kong hotel accommodation",967
"royal garden hotel hong kong",955
"mandarin oriental hotel hong kong",955
"parkview hotel in hong kong",953
"hong kong discount hotel",953
"city garden hotel hong kong",939
"omni hong kong hotel",932
"salisbury hotel hong kong",918
"royal park hotel hong kong",903
"luxury hotel hong kong",894
"peninsula hotel in hong kong",889
"ramada hotel hong kong",877
"booking hong hotel kong room",874
"hong kong majestic hotel",862
"kowloon hong kong hotel",851
"hotel mirimar hong kong official site",850
"hotel wharney hong kong",848
"inter contential grand stanford hotel hong kong",836
"miramar hotel hong kong 220 volts",830
"hong kong gold coast hotel review",827
"discount hotel conrad hong kong",809
"hotel nathan hong kong",800
"shangri la hotel hong kong",798
"budget hotel hong kong",787
"hong kong royal park hotel",786
"grand hyatt hotel hong kong",762
"bp international hotel hong kong",756
"hotel intercontinental hong kong",755
"furama hotel hong kong",753
"ywca hotel hong kong",749
"ritz carlton hotel hong kong",741
"conrad marriott hotel hong kong",736
"tsimshatsui hong kong hotel",734
"marco polo prince hotel hong kong",732
"grand hyatt hong kong hotel",727
"regal kowloon hotel hong kong",681
"wharney hotel hong kong china",676
"the excelsior hotel hong kong",675
"hotel booking in hong kong",669
"youth hong kong hotel",666
"sheraton hong kong hotel",658
"park hotel and hong kong",651
"mongkok hong kong hotel",650
"central hong kong hotel",639
"hong kong hotel apartment",637
"ramada hotel in hong kong",636
"hong kong hotel 27customer satisfaction27",617
"guangdong hotel hong kong",612
"ymca hotel hong kong",606
"student hong kong hotel",600
"military hong kong hotel",587
"low hong kong hotel",575
"low cost hong kong hotel",571
"causeway bay hong kong hotel",570
"lowest hong kong hotel",551
"gold coast resort hotel hong kong",542
"guaranteed cheap hotel in hong kong",540
"last minute hong kong hotel",539
"free hong kong hotel",538
"hong kong future hotel",535
"renaissance harbour view hotel hong kong",532
"last minute hotel deals in hong kong",527
"airport hotel hong kong",526
"best hong kong hotel",524
"newton hotel in hong kong",517
"budget hong kong hotel",513
"hong kong island hotel",511
"consolidator hong kong hotel",511
"king27s hotel in hong kong",503
"discount hong hotel kong room",497
"parkview hotel hong kong",487
"jia boutique hotel apartments hong kong",484
"cheapest hong kong hotel",483
"dorsett hotel in hong kong",478
"silvermine beach hotel hong kong",475
"harbour renaissance hotel hong kong",471
"wharney guang dong hotel hong kong",470
"bargain hong kong hotel",467
"hong kong hotel internet discount special",467
"senior hong kong hotel",465
"internet special discount hotel kowloon hong kong",464
"hotel accommodation in hong kong",462
"hong kong hotel website",461
"kowloon shangri la hotel hong kong",460
"hong kong love hotel",456
"jw marriot hotel hong kong",456
"dorset seaview hotel in hong kong jim sai jui",454
"breakfast internet special discount hotel kowloon hong kong",452
"shangrila hotel hong kong",452
"parklane hotel hong kong",450
"great eagle2c hong kong hotel",447
"hong kong beach hotel",447
"century hotel hong kong",447
"hong kong hotel weekly",447
"omni hotel hong kong",445
"park hotel 2b hong kong",445
"new world harbour hotel hong kong",443
"duangtawan hotel hong kong",442
"hong kong hotel opening",442
"hong hotel kong penninsula",441
"hong kong goldcoast hotel",439
"novotel hotel hong kong",435
"oktoberfest 2004 marco polo hong kong hotel",435
"hong kong hotel reservations",435
"hotel ibis north point hong kong",433
"capsule hotel hong kong",429
"regal hotel hong kong airport",429
"hong kong newest hotel",428
"oktoberfest 2b hong kong hotel",427
"choosing a hotel in hong kong",424
"sheraton towers hotel and hong kong",420
"holiday inn golden mile hotel hong kong",416
"kimberley hotel hong kong kowloon",415
"grand hotel in hong kong",415
"evergreen hotel hong kong",411
"air and hotel from hong kong to bali",410
"newton hotel hong kong lasalle",410
"eaton hotel nathan road jordan hong kong",408
"north point hotel hong kong",405
"inside the penninsula hong kong hotel",404
"hotel accommodation hotels hong kong accomidation",401
"hong kong hotel price",400
"hotel deals hotels hong kong accomidation",399
"jia hotel hong kong website",399
"hotel wedding banquet hong kong",398
"hotel wedding banquet promotion hong kong",390
"hong kong mandarin hotel",385
"hong kong regal airport hotel",379
"concourse hong hotel kong",379
"hotel nikko hong kong",376
"harbour view hotel hong kong",369
"lung wah hotel hong kong",367
"hong kong hotel room reservation",360
"hong kong royal garden hotel",356
"nikko hotel hong kong",353
"royal garden hotel in hong kong",346
"hotel intercontinental grand stanford hong kong",344
"headland hotel hong kong cathay",341
"hong hotel kong travel",340
"somerset hotel hong kong",338
"hotel new renaissance en hong kong",337
"hong kong hotel promo rate",334
"hong kong shangri la hotel environment energy",330
"internet specials rates hotel hong kong",329
"park lane hotel hong kong prestige club",329
"regal airport hong kong hotel",329
"hotel promo rate hong kong",328
"design hotel hong kong",328
"eaton hotel hong kong phone number",327
"city garden hotel hong kong island",327
"discount hong kong hotel rooms",323
"spa mandarin oriental hotel hong kong salon",323
"new world renaissance hotel en hong kong",323
"hotel mirimar hong kong web page",321
"fotos en la piscina del hotel hong kong",320
"wesley hotel hong kong map",319
"lee gardens hotel hong kong",319
"city gardens hotel hong kong",318
"hotel main power switch room key hong kong",317
"hong kong hotel maps",316
"telephone number ann black hotel hong kong",315
"hong kong peninsula hotel afternoon tea",315
"mandarine hotel hong kong",315
"marco hong kong hotel",314
"nikko hotel in hong kong",311
"ice house hotel hong kong",311
"bbq hong kong pennisula hotel",310
"discount hotel in hong kong",310
"hong kong flights and hotel",302
"cheap hotel rate in hong kong",301
"jw marriott hotel hong kong",298
"hong kong sheraton hotel",295
"city garden hotel and hong kong",294
"hong hotel kong reservation",291
"hotel in kowloon hong kong",281
"budget hotel accomodation in hong kong",272
"peninsular hotel hong kong",263
"5 hong hotel kong star",241
"hillview hong hotel kong stanford",239
"discount hong hotel kong",238
"knutsford hotel hong kong",237
"bargain hotel hong kong",234
"hong hotel kong shangrila",234
"royal empire hotel hong kong",233
"hong kong china hotel 20",232
"hong hotel kong metropole",219
"hong kong hotel room booking",218
"holiday hong hotel inn kong",218
"hong kong hotel guide",214
"hong hotel kong reservation room",213
"hong kong discount hotel rooms",212
"hong hotel kong room",211
"china hong hotel kong",211
"grand tower hotel hong kong",209
"hong kong hotel 20",208
"the kowloon hotel hong kong",204
"peninsula hong kong hotel",203
"hong hotel kong luxury",203
"empire hotel kowloon hong kong",195
"hong hotel kong wesley",195
"shamrock hotel hong kong",195
"hyatt regency hotel hong kong",190
"eaton hong hotel in kong",189
"hong hotel in kong miramar",186
"discount hong hotel in kong",184
"hong hotel kong renaissance",183
"hong kong gold coast hotel",181
"hong hotel in kong",179
"all hotel in hong kong",174
"hong hotel kimberley kong",173
"hong hotel kong peninsular",172
"hyatt hotel hong kong",170
"hong hotel in kong kowloon",169
"hong kong and hotel",168
"hong hotel kong stanford",168
"hong kong disneyland hotel",167
"discount hong hotel kong rate",165
"novotel century hong kong hotel",164
"hong hotel kong panda",163
"accommodation hong hotel kong",161
"carlton hong hotel kong ritz",161
"guangdong hong hotel kong",160
"disneyland hong hotel kong",160
"hong kong hotel association",158
"novotel century hotel hong kong",158
"hong+kong+hotel",157
"discount rate hotel hong kong",156
"hong hotel kong nikko",156
"park hong kong hotel",155
"hong hotel in kong marco polo",155
"empire kowloon hotel hong kong",154
"hong hotel hyatt kong",154
"hotel panorama hong kong",154
"hong hotel kong prudential pruton",154
"hong kong hotels hong kong hotel reservation online",154
"harbour hong hotel kong renaissance view",153
"hong hotel kong langham place",148
"hong kong hotel at discount rate",148
"booking hong hotel kong",147
"the hotel hong kong",146
"royal windsor hotel hong kong",146
"hong kong park hotel",145
"budget hong hotel in kong",145
"hotel kowloon hong kong",143
"hong hotel kong prudential",141
"guide hong hotel kong",140
"furama hong hotel kong",139
"prince hotel hong kong",139
"hong hotel in kong park",138
"concords hotel hong kong",137
"hong hotel jw kong marriott",137
"hong hotel kong luxury room",135
"hong hotel kong mandarin",134
"airport hong hotel kong regal",134
"stanford hillview hotel hong kong",129
"hong hotel kong pacific south",127
"hong hotel kong package",125
"hotel and hong kong",125
"hong hotel kong ramada",125
"travel hotel hong kong",123
"marco hotel hong kong",123
"hong hotel kong parklane",122
"hong kong hotel international",122
"discount hong hotel kong miramar",121
"harbour hong hotel kong plaza",120
"hong kong hotel 4 star",118
"deal hong hotel kong",118
"directory hong hotel kong",118
"association hong hotel kong",115
"century hong hotel kong novotel",115
"century hong kong hotel",113
"hong hotel kong sheraton",113
"metropolis hotel hong kong",110
"regal oriental hotel hong kong",110
"holiday inn hotel hong kong",109
"hong hotel kong regent",107
"hong hotel kong ymca",106
"hong hotel kong rate",103
"hotel rooms hong kong",103
"hotel and hong kong and review",103
"concourse hong hotel in kong",103
"island hotel hong kong",102
"charterhouse hong hotel kong",102
"marco+polo+hong+kong+hotel",101
"grhyatt hotel hong kong",101
"grand hong hotel kong plaza",98
"great eagle hotel hong kong",98
"cheap hong hotel in kong",97
"hong hotel imperial kong",96
"fantastic hong kong hotel offers",95
"hotel hong kong volts",94
"hong hotel kong oriental regal",93
"jia hotel hong kong",91
"hotel booking hong kong",91
"hong hotel kong pacific royal",91
"cosmo hotel hong kong",91
"hong hotel kong shamrock",90
"hong kong budget hotel",90
"hong hotel ibis kong",87
"booking hong hotel kong service",87
"hyatt hong kong hotel",86
"regal riverside hotel hong kong",86
"budget hotel in hong kong",86
"hong kong hilton hotel",84
"sheraton hotel tower kowloon hong kong",83
"hong kong hotel deals",83
"hong kong disney hotel",83
"hong hotel in kong stanford",82
"sha tin hotel hong kong",82
"harbour plaza resort city hotel hong kong",81
"hong hotel island kong la shangri",80
"island shangri hotel hong kong",78
"hotel concourse hong kong",78
"hong hotel intercontinental kong",78
"grand hong hotel hyatt in kong",76
"garden hotel hong kong",76
"four seasons hotel hong kong",76
"hotel reservation in hong kong",74
"reserve hong kong hotel",74
"hong hotel kong reserve",73
"islpacific hotel hong kong",72
"hong kong hotel online reservation",72
"hong kong convention main hotel",71
"renaissance hong kong hotel",70
"j w marriott hotel hong kong",70
"hong+kong+hotel+reservation",70
"tatami hampton hotel hong kong",69
"hong hotel kong la shangri",68
"kuntsford hotel hong kong",68
"intercont hotel hong kong",67
"cheap hotel deals hong kong",67
"four season hotel hong kong",67
"the kimberley hotel hong kong",66
"flight hotel package hong kong seoul",66
"jia hotel, hong kong",65
"hotel inter continental hong kong",64
"miramar hotel in hong kong",63
"marco polo hotel in hong kong",63
"causeway hong kong hotel",63
"booking hong kong hotel",63
"late hotel hong kong",61
"hotel reservation hong kong",61
"cheap hotel deal hong kong",58
"hong hotel kong langham",58
"hong hotel kong park",57
"kuntsfor hotel hong kong",57
"grand hong hotel hyatt kong",57
"hong kong 4 star hotel",56
"inter contential grand hotel hong kong",56
"hong hotel kong peninsula",56
"ramada hong kong hotel",56
"hong kong hotel packages",55
"small chic hip boutique hotel in hong kong",55
"minden hotel hong kong",54
"hong hotel kong metropark",54
"hong kong hotel review",53
"the empire hotel hong kong",52
"china hotels discount china hotel in hong kong beijing",52
"hong kong five star hotel",51
"hotel accommodation hong kong",51
"hong hotel kong miramar",51
"hotel deal hong kong",50
"luxury hotel in hong kong",49
"disneyland hotel hong kong",49
"hong hotel kong kowloon",49
"excelsior hotel in hong kong",48
"hong kong peninsula hotel, booking",47
"hotel in hong kong china",47
"hong kong kings hotel",47
"dorsett seaview hotel hong kong",47
"hong kong hotel sha new world",46
"discount rate hong kong hotel",46
"eaton hotel kowloon hong kong",46
"metropark hotel kowloon hong kong",45
"headland hotel hong kong",45
"tea buffet in hong kong hotel",45
"hong kong 5 star hotel",45
"hong hotel kong kowloon regal",45
"hong hotel kong price",45
"shamrock hotel in hong kong",45
"ymca salisbury hotel hong kong",44
"conrad hotel in hong kong",44
"hong kong hotel rates",43
"hong kong miramar hotel",43
"airport hong hotel in kong",43
"grand plaza hotel hong kong",43
"hong kong,hk hotel",43
"hong kong renaissance harbour view hotel",42
"hotel dinner buffet hong kong",42
"metropark hong kong hotel accommodation",42
"hong kong majestic hotel photos",42
"world renaissance hotel hong kong",42
"executive hotel package hong kong",41
"star hotel in hong kong",41
"hong kong intercontinental hotel",41
"boutique hotel hong kong",40
"list of luxury hotel hong kong",40
"hong kong hyatt hotel",40
"pennisula hotel hong kong",40
"hong kong hotel rated",40
"cheap deal hong hotel kong",39
"hong hotel kong newton",39
"metro park hotel hong kong",39
"china hong hotel in kong",39
"hong kong hotel promotion",39
"cosco hotel hong kong",39
"hong hotel kong sheraton tower",38
"kings hotel hong kong",38
"hotel package in hong kong",38
"park hotel in hong kong",37
"shangri la hotel in hong kong",37
"hotel hong kong 4 star",37
"love hotel in hong kong",37
"west hotel hong kong",36
"wesley hotel, hong kong",36
"hong hotel hyatt kong regency",36
"hong kong singapore airfare hotel",36
"airport hong hotel kong",36
"airport hotel in hong kong",36
"stanford hotel in hong kong",35
"harbor plaza hotel hong kong",35
"cosmopolitan hotel in hong kong",35
"hong kong hotel mission hill",35
"hong kong excelsior hotel",34
"majestic hotel in hong kong",34
"hong hotel kong wharney",34
"langham hotel in hong kong",34
"marco polo gateway hotel hong kong",34
"hong kong hotel two double bed",34
"shangri-la hotel hong kong",33
"hong kong china hotel travel flights tickets",33
"asia hong hotel kong",33
"hotel reservations hong kong",33
"prudential hotel in hong kong",33
"piscina del hotel hong kong",33
"hong kong hotel deal",33
"accommodation hong hotel in kong",33
"hotel deals hotel hong kong accomidation",33
"rosedale on the park hotel hong kong",33
"the wesley hotel hong kong",33
"hong hotel kong new renaissance world",33
"airport hong hotel kong near",33
"hong kong hotel wharney",33
"hong kong harbour hotel",32
"sheraton hong kong hotel towers",32
"fleming hotel hong kong",32
"hong hotel in kong sheraton",32
"imperial hotel hong kong review",32
"sheraton hotel in hong kong",32
"central park hotel hong kong",32
"hong kong hotel lobby designer",32
"the kimberly hotel hong kong",32
"dorsett hotel hong kong",31
"hong kong hotel job",31
"best restaraunts and inexpensive hotel in hong kong",31
"hong kong outer island hotel",31
"hong kong flights hotel",31
"langham place hotel in hong kong",31
"shangri hotel hong kong",31
"discount hong hotel in kong promotion",31
"hong kong hotel list",30
"prices hotel hong kong",30
"hotel cams hong kong sex",30
"hotel listing hong kong",30
"city garden hotel in hong kong",30
"pacific hotel hong kong",30
"hong kong hotel rating",30
"hong kong hotel job in",30
"hotel hong kong island",30
"garden hong hotel kong rambler",30
"last minute hotel in hong kong",30
"garden hong hotel kong royal",30
"grand hong hotel intercontinental kong stanford",30
"hotel listings hong kong",29
"four hong hotel kong season",29
"hotel metropole hong kong",29
"hong hotel intercont kong",29
"concourse hotel in hong kong",29
"bishop lei hotel hong kong",29
"hotel accommodation hotel hong kong accomidation",29
"cheap hong hotel kong rate",29
"hong kong hotel car",28
"excelsior hong hotel kong",28
"hong kong hotel lobby design",28
"wharney guangdong hotel hong kong",28
"hong kong business first class hotel in",28
"park lane hotel in hong kong",28
"hong kong map hotel",27
"ramada kowloon hotel hong kong",27
"empire hotel hong kong island",27
"hong kong peninsula hotel",27
"majestic hotel and hong kong",27
"hollywood hotel hong kong",27
"sheraton hong kong hotel and towers",27
"hong kong hotel discount rate",27
"goodrich hotel hong kong",27
"harbor view hotel hong kong",26
"hilton hotel hong kong",26
"hong kong hotel triple suite deal",26
"hotel hong kong accomidation",26
"hong kong hotel sofa bed",26
"hong kong hotel discount reservation",25
"emperor hotel hong kong",25
"hotel hong kong island october cost",25
"hong kong hotel intercontinental",25
"late book hotel hong kong",25
"oriental hotel hong kong",25
"renaissance hotel wanchai hong kong",25
"hotel excelsior hong kong",25
"eaton hong hotel kong",25
"wine tasting class and hong kong and hotel",25
"the wharney hotel hong kong",25
"mayfair garden hotel hong kong",25
"hong kong hotel mandarin",25
"hong kong qulity hotel",25
"plaza hotel hong kong",25
"mandarin oriental hotel in hong kong",25
"hotel special package hong kong",24
"coast gold hong hotel kong",24
"hong kong hotel star ferry",24
"disney hollywood hotel hong kong",24
"grand stanford hotel hong kong",24
"hong kong hotel rooms",24
"hong kong metropole hotel",24
"kowloon shangri hotel hong kong",24
"nathan hotel hong kong nathan road",24
"hong kong hotel three adult suite",24
"discount for hotel in hong kong",24
"hong kong kowloon hotel triple suite special",24
"newton inn hotel hong kong",24
"eaton hotel and hong kong",24
"hong hotel in kong langham",24
"metropole hotel in hong kong",23
"hong hotel kong marco polo prince",23
"hong kong ymca hotel",23
"the park hotel hong kong",23
"internet rate hotel at hong kong airport",23
"inter continental hotel hong kong",23
"hong kong backpack budget hotel",23
"the intercontinental hotel hong kong",23
"sheraton hong kong hotel tower",23
"book hong kong hotel",23
"choosing hotel hong kong",23
"hong kong hotel search",23
"hong kong hotel booking service",23
"hong kong hotel travel",23
"city garden hong kong hotel",23
"harbor hotel hong kong",23
"hong kong disneyland hotel html",23
"harbour plaza metropolis hotel hong kong",22
"hong kong shangri hotel environment energy",22
"the excelsior hotel hong kong luxury hotel in hong kong",22
"concorde hotel in hong kong",22
"cheap hotel rate hong kong",22
"empire hong hotel in kong",22
"hong hotel kong regal",22
"landmark hotel hong kong",22
"picture of the best hotel in hong kong",21
"available hotel in hong kong",21
"harbor plaza metropolis hotel hong kong",21
"china hong hotel in kong staying",21
"5 star hotel in hong kong",21
"employment hotel hong kong",21
"hotel meridien hong kong",21
"hong hotel kong map",21
"hong kong hotel bookings",21
"hong+kong+hotel+map",21
"mayfair garden hotel and hong kong",21
"hong hotel island kong",21
"hong kong sheraton hotel and tower",21
"regal hotel in hong kong",21
"hong kong hotel prices",21
"discount hotel rates in hong kong",21
"hotel buffet in hong kong",21
"hong kong hotel travel map china flight disneyland airport",20
"meeting hotel hong kong",20
"hong kong hotel city garden",20
"hong kong chinatown hotel",20
"conrad hong hotel in kong",20
"hong kong shanghai hotel",20
"royal pacific hotel and towers hong kong",20
"meeting hotel in hong kong",20
"hong kong hotel near airport",20
"dorset seaview hotel hong kong jim sai jui",20
"map hong kong hotel",19
"discount reservations at hong kong doubletree hotel",19
"ibis north point hotel hong kong",19
"repulse bay hotel hong kong",19
"hotel availability in hong kong banquet",19
"hong kong villa hotel",19
"hotel chains hong kong",19
"airport hong hotel international kong",19
"stamford hotel hong kong",19
"some hotel in hong kong",19
"grand hotel hong kong",19
"shangrila hotel in hong kong",19
"accelerator hotel hong kong",19
"rambler garden hotel hong kong",18
"hotel kowloon2c hong kong",18
"kings hotel jaffe road hong kong",18
"w hotel hong kong",18
"more hong kong hotel deals",18
"intercontinental hotel in hong kong",18
"minute hotel deals hong kong",18
"hong kong langham place hotel",18
"west hotel kowloon hong kong",18
"jia boutique hotel hong kong",18
"metropark hotel, hong kong",18
"hong kong architect design hotel",18
"cosmopolitan hong hotel kong",18
"hotel rates in hong kong",18
"hotel hong kong airport",18
"hotel marco polo hong kong",18
"discount hong kong hotel 20",18
"hong hotel kong mandarin oriental",17
"''''wesley hotel hong kong''''",17
"staying at hotel in hong kong china",17
"hotel shangrila hong kong",17
"hotel rooms in hong kong",17
"discount rooms at intercontinental hotel hong kong",17
"hong kong 2star hotel",17
"hong kong hotel map weather picture travel car rental",17
"hong+kong+hotel+discount",17
"harbour plaza north point hotel hong kong",17
"hong kong pets ok hotel hotel savings roadsendtours.com",17
"air hotel hong kong bali",17
"silverbeach hotel hong kong",17
"regal+hong+kong+hotel",17
"hong kong business hotel in",17
"hong hotel in kong marriott",17
"hotel at hong kong international airport",17
"conrad hong hotel kong",17
"hong kong langham hotel",17
"hong hotel in kong prudential",17
"hong kong intercontential hotel",17
"new world renaissance hotel kowloon hong kong",16
"hotel or in or hong or kong",16
"cyberport hotel hong kong",16
"bp hotel hong kong",16
"apartment hong hotel kong",16
"hotel+deal+hong+kong",16
"hong hotel kong 20",16
"sheraton towers hotel hong kong",16
"hotel inter-continental hong kong",16
"grand hyatt hotel hong kong island",16
"guaranteed cheap hotel hong kong",16
"hong kong hotel reviews",16
"royal pacific hotel kowloon hong kong",16
"panda hotel in hong kong",16
"five star hotel in hong kong",16
"wharney hotel in hong kong",16
"regal kaitak hotel hong kong",16
"hong+kong+hotel+rate",16
"intercontinental grand hotel hong kong",15
"east lake hotel hong kong",15
"hong kong marco polo hotel",15
"empire kowloon hotel in hong kong",15
"harbor hong hotel kong renaissance view",15
"island pacific hotel hong kong phone number",15
"westley hotel hong kong",15
"rosedale hotel hong kong",15
"baccarat hotel hong kong",15
"kimberley hotel in hong kong",15
"renaissance harbor hotel hong kong",15
"ymca hotel pool hong kong",15
"hong kong victoria hotel",15
"swot analysis sheraton hotel hong kong",15
"hong kong hotel special package offer",15
"mayfair garden hotel and hong kong and nanking",15
"hong kong transfer services to hotel",15
"inside penninsula hong kong hotel",15
"hotel discount hong kong",15
"the park lane hotel hong kong",15
"hong kong 2 star hotel",15
"hong hotel kong majestic",15
"cheap+hong+kong+hotel",15
"wharney hong kong hotel",15
"hong kong hotel information",14
"site www.royalplaza.com.hk royal plaza hotel hong kong",14
"hong hotel kong marco polo",14
"regal kawloon hotel hong kong",14
"hong hotel kong salisbury ymca",14
"jia hotel, hong kong, prepaid",14
"dorsett olympic hotel hong kong",14
"discounted hotel rates at ritz carlton in hong kong",14
"royal plaza hotel in hong kong",14
"new kings hotel hong kong",14
"hotel conference hong kong",14
"eagle hotel hong kong",14
"imperial hotel hong kong the",14
"new harbour hotel hong kong",14
"metropole hotel hong kong the",14
"hotel in hong kong kowloon",14
"love hotel hong kong",14
"hong kong newton hotel",14
"hong kong repulse bay hotel",14
"renaissance hotel, wanchai, hong kong",14
"hong kong business hotel",14
"hong kong business first class hotel",14
"prudential+hotel+hong+kong",14
"kimberly hotel in hong kong",14
"club house inn hotel reservations in hong kong",14
"newtom hotel hong kong",14
"hotel peninsula hong kong",14
"hong kong royal pacific hotel",13
"garden view international hotel hong kong",13
"hong kong marriot hotel",13
"hong hotel in kong metropole",13
"hong hotel in kong ymca",13
"king27s hotel hong kong",13
"grand standford hotel hong kong",13
"hong kong chinatown hotel in",13
"hong hotel kong kowloon ramada",13
"cheap flight hong hotel kong",13
"windsor hotel hong kong",13
"hong hotel in job kong",13
"city garden hong hotel kong",13
"bohemia hotel hong kong",13
"harbour hotel hong kong",13
"harbourview hotel hong kong",13
"hotel royal garden in hong kong",13
"hong kong royal plaza hotel",13
"hong+kong+hotel+special",13
"wharney hotel hong kong island",13
"excelsior hotel hong kong island",13
"hotel hong kong discount",13
"the metropole hotel hong kong",13
"hotel hong kong by airport",12
"hong kong hotel lobby design furniture",12
"harbor inn hotel hong kong",12
"hong kong majestic hotel shower",12
"four season hotel in hong kong",12
"hong kong botique hotel",12
"luxury hotel rooms hong kong",12
"regent hotel in hong kong",12
"hotel parkview suites hong kong",12
"china hong hotel kong 20",12
"hong hotel kong lane park",12
"star hotel hong kong",12
"ymca salisbury hotel in hong kong",12
"free kimberley hotel hong kong",12
"metropolitan hotel hong kong",12
"hong kong backpacker hotel bed",12
"metropole hotel kowloon hong kong",12
"day use hotel hong kong",12
"hong kong nikko hotel",12
"marriott hotel in hong kong",12
"hong kong hotel at discount rates",12
"marco polo prince hong kong hotel",12
"hong kong wharney hotel",12
"dorsett garden hotel hong kong",12
"pictures of south pacific hotel hong kong",12
"nathan road hong kong majestic hotel",12
"hong kong hotel extra bed for three triple person",12
"intercontinental tsimtsastsui hong kong hotel",12
"lido hotel hong kong",12
"website for the royal plaza hotel hong kong",12
"emperor happy valley hotel hong kong the",12
"hong hotel in kong reservation",12
"island pacific hotel hong kong contact details",12
"disneyland hotel in hong kong",12
"marco polo gateway hotel hong kong the",12
"hotel reservations in hong kong",12
"empress hotel hong kong",12
"royal pacific hotel in hong kong",12
"family rooms in langham place hotel, hong kong",12
"neyland hotel hong kong",12
"hong kong air hotel package",12
"hong kong hotel coupon",12
"empire hotel in hong kong",12
"disney hotel hong kong",12
"eaton hotel kowloon hong kong trip advisor",12
"south china hotel hong kong",12
"hong kong hotel industry",12
"dorsett far east hotel in hong kong",12
"kowloon panda hotel hong kong",12
"hotel china shanghai hong kong",12
"repulse bay hong kong hotel",11
"4 star hong kong hotel",11
"cheap+hotel+in+hong+kong",11
"hong hotel inn kong",11
"hotel conrad hong kong",11
"cheap hotel in hong kong kowloon",11
"grand hyatt hotel in hong kong",11
"online hotel booking hong kong",11
"hong kong hotel room reservation.html",11
"panorama hotel hong kong",11
"booking+hong+hotel+kong+room",11
"hotel websites hong kong",11
"rooms grand stanford intercontinental hotel hong kong",11
"the kimberly hotel in hong kong",11
"hotel causeway bay harbour view hong kong",11
"shangri-la hotel in hong kong",11
"hotel close to hong kong airport",11
"rambler hotel hong kong",11
"hong kong hotel transit",11
"2 star hotel in hong kong",11
"hong kong hotel accomodation",11
"hotel jobs in hong kong",11
"harbour plaza hotel kowloon hong kong",11
"langham place hotel, hong kong",11
"oakwood gold arch hotel, hong kong",11
"hong kong boutique hotel",11
"intercontinental stanford hotel hong kong",11
"ambassador hotel hong kong",11
"langham place hotel mongkok hong kong",11
"discount room at intercontinental hotel in hong kong",10
"hong kong asia hotel",10
"dorsett seaview hotel in hong kong",10
"hong kong hotel star",10
"hong kong empire hotel",10
"hotel hong kong china",10
"hotel miramar hong kong official site",10
"kowloon hotel hong kong 20",10
"discount+rate+hotel+hong+kong",10
"hong kong sierra suite hotel",10
"hong hotel in kong lane park",10
"hong hotel in kong langham place",10
"excelsior hong hotel in kong",10
"hk hotels.com hong kong hotel and resort",10
"best deal hotel in hong kong",10
"hong hotel kong kowloon new renaissance world",10
"hotel in hong kong airport",10
"hotel packages in hong kong",10
"hillview hong hotel kong",10
"tokyu hotel discounts in hong kong",10
"hong kong erez hotel",10
"metropark hotel in hong kong",10
"penisula hotel in hong kong",10
"ymca hotel in hong kong",10
"hong kong hotel definition single double twin bed",10
"hong kong hotel newton star",10
"hong kong eaton hotel star",10
"wesley hotel hong kong the",10
"gold coast hotel hong kong 20",10
"destination hotel discounts in hong kong",10
"charney hotel in hong kong",10
"conrad hong kong hotel",10
"discount reservations at hong kong double tree hotel",10
"booking hong hotel in kong",10
"the hong kong hotel",10
"hong kong sheraton hotel news",10
"airport hong hotel in kong regal",10
"hotel hong kong kowloon",10
"hong kong grand stanford intercontinental hotel",9
"the headland hotel, hong kong",9
"concorde hotel hong kong",9
"star ferry hong kong hotel",9
"metropark hotel hong kong 20",9
"excelsior hong kong hotel",9
"kimberly hotel contact information hong kong",9
"cheap hong kong hotel 20",9
"the royal pacific hotel and towers hong kong",9
"holiday inn macau hotel hong kong",9
"mirmar hotel hong kong",9
"hong kong shangrella hotel",9
"harbour plaza hotel in hong kong",9
"new world hong kong hotel",9
"hotel prudential hong kong",9
"evergreen hotel and hong kong",9
"hong kong map majestic hotel",9
"regal hotel hong kong salsa",9
"hotel hong kong family",9
"hong kong four seasons hotel",9
"which hotel is best in hong kong",9
"island pacific hotel hong kong contact number",9
"eaton hotel hong kong interior",9
"macro polo hong kong hotel",9
"pricing strategy 3 stars hotel hong kong",9
"holiday inn golden mile hotel hong kong rooms",9
"hong kong apartment hotel",9
"nathan hong kong hotel review",9
"hong kong hotel positions",9
"wyndham hotel in hong kong",9
"cheapest hotel rates in hong kong",9
"best western hotel hong kong",9
"executive hong hotel kong package",9
"hong hotel kong south",9
"hong hotel kong plaza royal",9
"hong kong hotel in orchard",9
"luxury hong kong hotel",9
"hong kong tailor new york hotel",9
"hong kong imperial hotel",9
"dorsett garden hong kong hotel",9
"marco polo prince hotel hong kong the",9
"hong kong backpacking budget hotel",9
"hong hotel kong kowloon la shangri",9
"hong kong cheapr hotel",9
"hong hotel kong langlam",9
"hotel and hong kong and nathan rd",9
"harbour plaza hong kong hotel",9
"shilo inn hotel in hong kong",8
"silvermine beach hotel hong kong website",8
